1104 47 
1100 105 
1092 169 
1073 264 
1071 272 
1020 425 
1001 468 
975 520 
952 561 
943 576 
884 663 
855 700 
817 744 
744 817 
700 855 
663 884 
576 943 
561 952 
520 975 
468 1001 
425 1020 
272 1071 
264 1073 
169 1092 
105 1100 
47 1104 
-1104 47 
-1100 105 
-1092 169 
-1073 264 
-1071 272 
-1020 425 
-1001 468 
-975 520 
-952 561 
-943 576 
-884 663 
-855 700 
-817 744 
-744 817 
-700 855 
-663 884 
-576 943 
-561 952 
-520 975 
-468 1001 
-425 1020 
-272 1071 
-264 1073 
-169 1092 
-105 1100 
-47 1104 
0 1105 
-1104 -47 
-1100 -105 
-1092 -169 
-1073 -264 
-1071 -272 
-1020 -425 
-1001 -468 
-975 -520 
-952 -561 
-943 -576 
-884 -663 
-855 -700 
-817 -744 
-744 -817 
-700 -855 
-663 -884 
-576 -943 
-561 -952 
-520 -975 
-468 -1001 
-425 -1020 
-272 -1071 
-264 -1073 
-169 -1092 
-105 -1100 
-47 -1104 
0 -1105 
1104 -47 
1100 -105 
1092 -169 
1073 -264 
1071 -272 
1020 -425 
1001 -468 
975 -520 
952 -561 
943 -576 
884 -663 
855 -700 
817 -744 
744 -817 
700 -855 
663 -884 
576 -943 
561 -952 
520 -975 
468 -1001 

